{
  "camera_angle_x": 0.6911112070083618,
  "frames": [
    {
      "file_path": "./train/img000004",
      "rotation": 0.041887902047863905,
      "time": 0.0,
      "transform_matrix": [
        [
          0.94619582,
          0.09317577,
          0.30988989,
          -0.138635
        ],
        [
          0.14157929,
          0.74192425,
          -0.65536533,
          0.066346
        ],
        [
          -0.29097899,
          0.66397793,
          0.68881386,
          4.57807
        ],
        [
          0.0,
          0.0,
          0.0,
          1.0
        ]
      ]
    },
    {
      "file_path": "./train/img000005",
      "rotation": 0.041887902047863905,
      "time": 0.006711409395973154,
      "transform_matrix": [
        [
          -0.65822295,
          -0.55572118,
          0.50785482,
          -0.010698
        ],
        [
          -0.45995836,
          0.83091334,
          0.31308357,
          -0.143755
        ],
        [
          -0.59597052,
          -0.02751328,
          -0.80253484,
          3.822349
        ],
        [
          0.0,
          0.0,
          0.0,
          1.0
        ]
      ]
    },
    {
      "file_path": "./train/img000010",
      "rotation": 0.041887902047863905,
      "time": 0.013422818791946308,
      "transform_matrix": [
        [
          -0.36333088,
          0.6609273,
          0.65663214,
          -0.206774
        ],
        [
          -0.47990998,
          -0.73686836,
          0.47614224,
          -0.047878
        ],
        [
          0.79854685,
          -0.14212714,
          0.58491264,
          4.985503
        ],
        [
          0.0,
          0.0,
          0.0,
          1.0
        ]
      ]
    },
    {
      "file_path": "./train/img000015",
      "rotation": 0.041887902047863905,
      "time": 0.020134228187919462,
      "transform_matrix": [
        [
          0.54861504,
          0.70468878,
          0.44992806,
          -0.027916
        ],
        [
          0.32616631,
          0.31511326,
          -0.89124586,
          0.128131
        ],
        [
          -0.76982925,
          0.63570225,
          -0.05696986,
          2.842578
        ],
        [
          0.0,
          0.0,
          0.0,
          1.0
        ]
      ]
    },
    {
      "file_path": "./train/img000019",
      "rotation": 0.041887902047863905,
      "time": 0.026845637583892617,
      "transform_matrix": [
        [
          0.79568049,
          -0.17839642,
          -0.57884996,
          -0.059765
        ],
        [
          -0.12960264,
          -0.98365507,
          0.12500346,
          0.354944
        ],
        [
          -0.59168886,
          -0.02444233,
          -0.80579579,
          5.524356
        ],
        [
          0.0,
          0.0,
          0.0,
          1.0
        ]
      ]
    },
    {
      "file_path": "./train/img000023",
      "rotation": 0.041887902047863905,
      "time": 0.03355704697986577,
      "transform_matrix": [
        [
          0.92726158,
          0.36065368,
          -0.10057284,
          0.056507
        ],
        [
          -0.30562102,
          0.88424586,
          0.35313602,
          -0.336983
        ],
        [
          0.21629092,
          -0.29671229,
          0.93015056,
          5.705491
        ],
        [
          0.0,
          0.0,
          0.0,
          1.0
        ]
      ]
    },
    {
      "file_path": "./train/img000027",
      "rotation": 0.041887902047863905,
      "time": 0.040268456375838924,
      "transform_matrix": [
        [
          0.74826632,
          0.49258916,
          -0.44435732,
          -0.052542
        ],
        [
          0.6533163,
          -0.66349545,
          0.3646253,
          -0.094459
        ],
        [
          -0.11521859,
          -0.56314271,
          -0.81828782,
          5.065166
        ],
        [
          0.0,
          0.0,
          0.0,
          1.0
        ]
      ]
    },
    {
      "file_path": "./train/img000043",
      "rotation": 0.041887902047863905,
      "time": 0.04697986577181208,
      "transform_matrix": [
        [
          -0.26391892,
          0.66215393,
          0.7013551,
          0.039871
        ],
        [
          0.08324498,
          -0.70878607,
          0.70049453,
          -0.071963
        ],
        [
          0.96094593,
          0.24325805,
          0.13194107,
          3.759026
        ],
        [
          0.0,
          0.0,
          0.0,
          1.0
        ]
      ]
    },
    {
      "file_path": "./train/img000095",
      "rotation": 0.041887902047863905,
      "time": 0.053691275167785234,
      "transform_matrix": [
        [
          -0.94515743,
          0.3095332,
          0.10424317,
          -0.130352
        ],
        [
          -0.21296241,
          -0.82602578,
          0.52185097,
          -0.077116
        ],
        [
          0.24763774,
          0.47103144,
          0.84664333,
          3.913432
        ],
        [
          0.0,
          0.0,
          0.0,
          1.0
        ]
      ]
    },
    {
      "file_path": "./train/img000114",
      "rotation": 0.041887902047863905,
      "time": 0.060402684563758385,
      "transform_matrix": [
        [
          -0.78978521,
          -0.59831681,
          0.13511595,
          -0.131595
        ],
        [
          -0.35946359,
          0.62996178,
          0.68842871,
          -0.062405
        ],
        [
          -0.49701635,
          0.49514155,
          -0.7126076,
          3.967848
        ],
        [
          0.0,
          0.0,
          0.0,
          1.0
        ]
      ]
    },
    {
      "file_path": "./train/img000126",
      "rotation": 0.041887902047863905,
      "time": 0.06711409395973154,
      "transform_matrix": [
        [
          0.55531396,
          0.57051268,
          -0.60509643,
          -0.065223
        ],
        [
          0.5192855,
          0.33045109,
          0.78812731,
          0.092714
        ],
        [
          0.64959139,
          -0.7518759,
          -0.11275486,
          4.189963
        ],
        [
          0.0,
          0.0,
          0.0,
          1.0
        ]
      ]
    },
    {
      "file_path": "./train/img000140",
      "rotation": 0.041887902047863905,
      "time": 0.0738255033557047,
      "transform_matrix": [
        [
          0.71996676,
          0.64252013,
          0.26232756,
          -0.006543
        ],
        [
          -0.23595242,
          0.58209026,
          -0.77813713,
          -0.024885
        ],
        [
          -0.65266708,
          0.49833604,
          0.57068982,
          2.471001
        ],
        [
          0.0,
          0.0,
          0.0,
          1.0
        ]
      ]
    },
    {
      "file_path": "./train/img000156",
      "rotation": 0.041887902047863905,
      "time": 0.08053691275167785,
      "transform_matrix": [
        [
          -0.95755981,
          -0.21516256,
          -0.1917923,
          -0.147156
        ],
        [
          0.16803949,
          0.12389692,
          -0.97796334,
          0.137592
        ],
        [
          0.23418357,
          -0.96868706,
          -0.0824829,
          4.277689
        ],
        [
          0.0,
          0.0,
          0.0,
          1.0
        ]
      ]
    },
    {
      "file_path": "./train/img000162",
      "rotation": 0.041887902047863905,
      "time": 0.087248322147651,
      "transform_matrix": [
        [
          0.50404154,
          -0.64079688,
          -0.5790695,
          -0.005583
        ],
        [
          0.06189508,
          -0.64194402,
          0.76424922,
          0.027991
        ],
        [
          -0.86145872,
          -0.42105491,
          -0.28390428,
          2.56662
        ],
        [
          0.0,
          0.0,
          0.0,
          1.0
        ]
      ]
    },
    {
      "file_path": "./train/img000166",
      "rotation": 0.041887902047863905,
      "time": 0.09395973154362416,
      "transform_matrix": [
        [
          -0.62669656,
          0.72980191,
          -0.2732043,
          -0.245247
        ],
        [
          -0.390823,
          0.00895572,
          0.92042228,
          0.037985
        ],
        [
          0.67417268,
          0.6836,
          0.27961086,
          6.19815
        ],
        [
          0.0,
          0.0,
          0.0,
          1.0
        ]
      ]
    },
    {
      "file_path": "./train/img000171",
      "rotation": 0.041887902047863905,
      "time": 0.10067114093959731,
      "transform_matrix": [
        [
          -8.95958228e-01,
          -2.66185703e-01,
          -3.55533438e-01,
          1.15540000e-02
        ],
        [
          -1.49497491e-01,
          9.34536658e-01,
          -3.22942310e-01,
          -2.07300000e-03
        ],
        [
          4.18221657e-01,
          -2.36191463e-01,
          -8.77099902e-01,
          2.44221200e+00
        ],
        [
          0.0,
          0.0,
          0.0,
          1.0
        ]
      ]
    },
    {
      "file_path": "./train/img000174",
      "rotation": 0.041887902047863905,
      "time": 0.10738255033557047,
      "transform_matrix": [
        [
          -0.53843467,
          0.61373426,
          0.5774239,
          0.159741
        ],
        [
          0.28208904,
          0.77697521,
          -0.56279241,
          -0.024095
        ],
        [
          -0.79404904,
          -0.14014199,
          -0.5914781,
          5.757899
        ],
        [
          0.0,
          0.0,
          0.0,
          1.0
        ]
      ]
    },
    {
      "file_path": "./train/img000176",
      "rotation": 0.041887902047863905,
      "time": 0.11409395973154363,
      "transform_matrix": [
        [
          -0.78251093,
          0.51202595,
          0.35426836,
          0.108981
        ],
        [
          -0.53107129,
          -0.25185113,
          -0.80903294,
          0.146722
        ],
        [
          -0.32502297,
          -0.82121887,
          0.46899855,
          6.340665
        ],
        [
          0.0,
          0.0,
          0.0,
          1.0
        ]
      ]
    },
    {
      "file_path": "./train/img000181",
      "rotation": 0.041887902047863905,
      "time": 0.12080536912751677,
      "transform_matrix": [
        [
          -0.56469707,
          -0.35756362,
          0.74381817,
          0.090687
        ],
        [
          -0.23898469,
          0.93350388,
          0.26731409,
          0.038504
        ],
        [
          -0.78993895,
          -0.02680967,
          -0.61259914,
          4.384173
        ],
        [
          0.0,
          0.0,
          0.0,
          1.0
        ]
      ]
    },
    {
      "file_path": "./train/img000183",
      "rotation": 0.041887902047863905,
      "time": 0.12751677852348994,
      "transform_matrix": [
        [
          -0.77969401,
          0.26968406,
          0.56510863,
          -0.244282
        ],
        [
          0.48081516,
          0.83599752,
          0.26443323,
          -0.117684
        ],
        [
          -0.40111599,
          0.4778898,
          -0.78149044,
          7.230969
        ],
        [
          0.0,
          0.0,
          0.0,
          1.0
        ]
      ]
    },
    {
      "file_path": "./train/img000211",
      "rotation": 0.041887902047863905,
      "time": 0.1342281879194631,
      "transform_matrix": [
        [
          -0.5563585,
          0.71690323,
          0.42013685,
          0.091334
        ],
        [
          -0.1493836,
          0.41108404,
          -0.8992744,
          0.082833
        ],
        [
          -0.81740428,
          -0.56308052,
          -0.12161651,
          2.522979
        ],
        [
          0.0,
          0.0,
          0.0,
          1.0
        ]
      ]
    },
    {
      "file_path": "./train/img000232",
      "rotation": 0.041887902047863905,
      "time": 0.14093959731543623,
      "transform_matrix": [
        [
          -0.86314107,
          0.49833484,
          -0.08154682,
          0.025943
        ],
        [
          -0.3028732,
          -0.38169305,
          0.87325726,
          -0.038668
        ],
        [
          0.40404867,
          0.77844255,
          0.48038721,
          3.085255
        ],
        [
          0.0,
          0.0,
          0.0,
          1.0
        ]
      ]
    },
    {
      "file_path": "./train/img000280",
      "rotation": 0.041887902047863905,
      "time": 0.1476510067114094,
      "transform_matrix": [
        [
          -0.87818078,
          0.02848079,
          -0.47748021,
          -0.035693
        ],
        [
          -0.16402882,
          -0.9556287,
          0.24468008,
          0.081846
        ],
        [
          -0.44932511,
          0.29319386,
          0.84388643,
          2.960031
        ],
        [
          0.0,
          0.0,
          0.0,
          1.0
        ]
      ]
    },
    {
      "file_path": "./train/img000308",
      "rotation": 0.041887902047863905,
      "time": 0.15436241610738255,
      "transform_matrix": [
        [
          -0.52649452,
          -0.80516415,
          0.27297291,
          -0.165436
        ],
        [
          -0.45139436,
          -0.00734697,
          -0.89229432,
          -0.094477
        ],
        [
          0.72044892,
          -0.5930065,
          -0.35957842,
          4.905182
        ],
        [
          0.0,
          0.0,
          0.0,
          1.0
        ]
      ]
    },
    {
      "file_path": "./train/img000319",
      "rotation": 0.041887902047863905,
      "time": 0.1610738255033557,
      "transform_matrix": [
        [
          -0.69105913,
          0.45521646,
          0.56144034,
          0.03933
        ],
        [
          0.0195059,
          0.78822186,
          -0.61508197,
          -0.160769
        ],
        [
          -0.72253498,
          -0.41410661,
          -0.55358732,
          4.02516
        ],
        [
          0.0,
          0.0,
          0.0,
          1.0
        ]
      ]
    },
    {
      "file_path": "./train/img000369",
      "rotation": 0.041887902047863905,
      "time": 0.16778523489932887,
      "transform_matrix": [
        [
          -0.85456036,
          0.44495507,
          -0.26784617,
          -0.084979
        ],
        [
          -0.51776138,
          -0.77023627,
          0.37236977,
          0.219029
        ],
        [
          -0.04061702,
          0.45689285,
          0.88859394,
          3.474715
        ],
        [
          0.0,
          0.0,
          0.0,
          1.0
        ]
      ]
    },
    {
      "file_path": "./train/img000464",
      "rotation": 0.041887902047863905,
      "time": 0.174496644295302,
      "transform_matrix": [
        [
          0.98980764,
          -0.03938646,
          0.13685594,
          0.062877
        ],
        [
          -0.06919014,
          -0.9729512,
          0.22040571,
          -0.147714
        ],
        [
          0.12447315,
          -0.22762834,
          -0.96575969,
          3.307129
        ],
        [
          0.0,
          0.0,
          0.0,
          1.0
        ]
      ]
    },
    {
      "file_path": "./train/img000484",
      "rotation": 0.041887902047863905,
      "time": 0.18120805369127516,
      "transform_matrix": [
        [
          -0.06348976,
          -0.745978,
          0.6629373,
          -0.021749
        ],
        [
          -0.07911992,
          -0.65842417,
          -0.74847689,
          0.110429
        ],
        [
          0.99484124,
          -0.09997217,
          -0.01721853,
          2.782321
        ],
        [
          0.0,
          0.0,
          0.0,
          1.0
        ]
      ]
    },
    {
      "file_path": "./train/img000529",
      "rotation": 0.041887902047863905,
      "time": 0.18791946308724833,
      "transform_matrix": [
        [
          -0.63992912,
          -0.47797943,
          0.60168629,
          -0.013463
        ],
        [
          -0.08177051,
          0.82091443,
          0.56516642,
          -0.00963
        ],
        [
          -0.76407088,
          0.31246625,
          -0.56441167,
          2.392925
        ],
        [
          0.0,
          0.0,
          0.0,
          1.0
        ]
      ]
    },
    {
      "file_path": "./train/img000766",
      "rotation": 0.041887902047863905,
      "time": 0.19463087248322147,
      "transform_matrix": [
        [
          -0.7182845,
          -0.50313124,
          0.48054796,
          -0.03564
        ],
        [
          -0.42297079,
          0.86417767,
          0.27256681,
          -0.07858
        ],
        [
          -0.55241569,
          -0.00747724,
          -0.83353524,
          3.778743
        ],
        [
          0.0,
          0.0,
          0.0,
          1.0
        ]
      ]
    },
    {
      "file_path": "./train/img000814",
      "rotation": 0.041887902047863905,
      "time": 0.20134228187919462,
      "transform_matrix": [
        [
          0.81522849,
          -0.5607317,
          -0.14485326,
          -0.010745
        ],
        [
          0.02781093,
          -0.21192566,
          0.97689,
          -0.071515
        ],
        [
          -0.57847131,
          -0.80041706,
          -0.15717336,
          2.302845
        ],
        [
          0.0,
          0.0,
          0.0,
          1.0
        ]
      ]
    },
    {
      "file_path": "./train/img000958",
      "rotation": 0.041887902047863905,
      "time": 0.2080536912751678,
      "transform_matrix": [
        [
          0.94614159,
          0.0675949,
          0.31661811,
          -0.077072
        ],
        [
          0.32316128,
          -0.13807154,
          -0.93621741,
          -0.040791
        ],
        [
          -0.01956757,
          0.98811294,
          -0.15247928,
          3.134829
        ],
        [
          0.0,
          0.0,
          0.0,
          1.0
        ]
      ]
    },
    {
      "file_path": "./train/img000987",
      "rotation": 0.041887902047863905,
      "time": 0.21476510067114093,
      "transform_matrix": [
        [
          -0.77369802,
          -0.44081385,
          -0.45505442,
          -0.048242
        ],
        [
          0.44993882,
          -0.88797247,
          0.09518377,
          -0.068697
        ],
        [
          -0.44603412,
          -0.13110316,
          0.88536181,
          2.327627
        ],
        [
          0.0,
          0.0,
          0.0,
          1.0
        ]
      ]
    },
    {
      "file_path": "./train/img001057",
      "rotation": 0.041887902047863905,
      "time": 0.22147651006711408,
      "transform_matrix": [
        [
          7.86998565e-01,
          3.89298633e-01,
          -4.78622850e-01,
          1.67400000e-03
        ],
        [
          7.26479599e-02,
          -8.28860952e-01,
          -5.54717762e-01,
          -1.87512000e-01
        ],
        [
          -6.12662658e-01,
          4.01791109e-01,
          -6.80594132e-01,
          3.24775000e+00
        ],
        [
          0.0,
          0.0,
          0.0,
          1.0
        ]
      ]
    },
    {
      "file_path": "./train/img001134",
      "rotation": 0.041887902047863905,
      "time": 0.22818791946308725,
      "transform_matrix": [
        [
          0.95969006,
          0.01074373,
          -0.28085504,
          0.028044
        ],
        [
          0.28071863,
          0.01262828,
          0.95970703,
          0.073032
        ],
        [
          0.01385755,
          -0.99986254,
          0.00910327,
          2.857799
        ],
        [
          0.0,
          0.0,
          0.0,
          1.0
        ]
      ]
    },
    {
      "file_path": "./train/img001214",
      "rotation": 0.041887902047863905,
      "time": 0.2348993288590604,
      "transform_matrix": [
        [
          -0.65318574,
          -0.52114608,
          -0.54932245,
          0.030133
        ],
        [
          -0.21597118,
          -0.56710711,
          0.79482449,
          0.010326
        ],
        [
          -0.72574433,
          0.63780584,
          0.25787374,
          3.584312
        ],
        [
          0.0,
          0.0,
          0.0,
          1.0
        ]
      ]
    },
    {
      "file_path": "./train/img001258",
      "rotation": 0.041887902047863905,
      "time": 0.24161073825503354,
      "transform_matrix": [
        [
          0.94882786,
          0.24392466,
          0.20056533,
          0.037028
        ],
        [
          -0.31039952,
          0.60348514,
          0.73447793,
          0.33397
        ],
        [
          0.05811908,
          -0.7591485,
          0.64831761,
          5.534099
        ],
        [
          0.0,
          0.0,
          0.0,
          1.0
        ]
      ]
    },
    {
      "file_path": "./train/img001260",
      "rotation": 0.041887902047863905,
      "time": 0.2483221476510067,
      "transform_matrix": [
        [
          8.52267466e-01,
          -5.02215512e-01,
          1.46354864e-01,
          7.46630000e-02
        ],
        [
          -1.36669771e-01,
          5.62868722e-02,
          9.89016260e-01,
          4.03400000e-03
        ],
        [
          -5.04937164e-01,
          -8.62908667e-01,
          -2.06662092e-02,
          4.06192200e+00
        ],
        [
          0.0,
          0.0,
          0.0,
          1.0
        ]
      ]
    },
    {
      "file_path": "./train/img001265",
      "rotation": 0.041887902047863905,
      "time": 0.2550335570469799,
      "transform_matrix": [
        [
          -0.49871533,
          0.56101078,
          0.66071925,
          0.022112
        ],
        [
          0.39312709,
          0.82577014,
          -0.40441904,
          -0.099802
        ],
        [
          -0.77248567,
          0.05805666,
          -0.63237277,
          3.540603
        ],
        [
          0.0,
          0.0,
          0.0,
          1.0
        ]
      ]
    },
    {
      "file_path": "./train/img001269",
      "rotation": 0.041887902047863905,
      "time": 0.26174496644295303,
      "transform_matrix": [
        [
          -0.36636685,
          -0.8061241,
          0.46469265,
          -0.108107
        ],
        [
          0.43442349,
          0.29345064,
          0.851565,
          0.15563
        ],
        [
          -0.82283143,
          0.51385859,
          0.24268865,
          2.477901
        ],
        [
          0.0,
          0.0,
          0.0,
          1.0
        ]
      ]
    },
    {
      "file_path": "./train/img001286",
      "rotation": 0.041887902047863905,
      "time": 0.2684563758389262,
      "transform_matrix": [
        [
          0.97384696,
          -0.10246629,
          0.20278746,
          0.033478
        ],
        [
          -0.21824019,
          -0.67010269,
          0.70946008,
          0.133129
        ],
        [
          0.06319269,
          -0.73516192,
          -0.67493973,
          4.395891
        ],
        [
          0.0,
          0.0,
          0.0,
          1.0
        ]
      ]
    },
    {
      "file_path": "./train/img001297",
      "rotation": 0.041887902047863905,
      "time": 0.2751677852348993,
      "transform_matrix": [
        [
          0.88301508,
          -0.46587585,
          0.05695671,
          0.06055
        ],
        [
          -0.05262292,
          0.02231659,
          0.99836506,
          0.068311
        ],
        [
          -0.46638525,
          -0.88456863,
          -0.00480986,
          4.533267
        ],
        [
          0.0,
          0.0,
          0.0,
          1.0
        ]
      ]
    },
    {
      "file_path": "./train/img001298",
      "rotation": 0.041887902047863905,
      "time": 0.28187919463087246,
      "transform_matrix": [
        [
          0.97825091,
          0.20319607,
          -0.04167148,
          0.25077
        ],
        [
          -0.20662315,
          0.97224984,
          -0.10971383,
          -0.292854
        ],
        [
          0.01822167,
          0.11593795,
          0.9930893,
          7.188756
        ],
        [
          0.0,
          0.0,
          0.0,
          1.0
        ]
      ]
    },
    {
      "file_path": "./train/img001305",
      "rotation": 0.041887902047863905,
      "time": 0.2885906040268456,
      "transform_matrix": [
        [
          9.77851409e-01,
          -1.80560356e-01,
          -1.05851691e-01,
          -2.02758000e-01
        ],
        [
          2.09180685e-01,
          8.60193012e-01,
          4.65092918e-01,
          -4.56895000e-01
        ],
        [
          7.07554189e-03,
          -4.76933894e-01,
          8.78910688e-01,
          7.91846800e+00
        ],
        [
          0.0,
          0.0,
          0.0,
          1.0
        ]
      ]
    },
    {
      "file_path": "./train/img001306",
      "rotation": 0.041887902047863905,
      "time": 0.2953020134228188,
      "transform_matrix": [
        [
          0.92153842,
          -0.30941876,
          -0.2345783,
          -0.008052
        ],
        [
          -0.30854165,
          -0.95030964,
          0.04139615,
          0.208449
        ],
        [
          -0.23573077,
          0.03422903,
          -0.97121541,
          5.710635
        ],
        [
          0.0,
          0.0,
          0.0,
          1.0
        ]
      ]
    },
    {
      "file_path": "./train/img001307",
      "rotation": 0.041887902047863905,
      "time": 0.30201342281879195,
      "transform_matrix": [
        [
          0.90827846,
          0.14679306,
          -0.39176784,
          0.040304
        ],
        [
          0.03756948,
          -0.96125848,
          -0.27307632,
          -0.011092
        ],
        [
          -0.41667587,
          0.23331082,
          -0.8786053,
          3.725492
        ],
        [
          0.0,
          0.0,
          0.0,
          1.0
        ]
      ]
    },
    {
      "file_path": "./train/img001311",
      "rotation": 0.041887902047863905,
      "time": 0.3087248322147651,
      "transform_matrix": [
        [
          0.95820417,
          0.05648574,
          0.28045345,
          0.073683
        ],
        [
          0.28405241,
          -0.30450436,
          -0.90917068,
          -0.316134
        ],
        [
          0.03404412,
          0.95083461,
          -0.30782225,
          6.442213
        ],
        [
          0.0,
          0.0,
          0.0,
          1.0
        ]
      ]
    },
    {
      "file_path": "./train/img001326",
      "rotation": 0.041887902047863905,
      "time": 0.31543624161073824,
      "transform_matrix": [
        [
          0.20976407,
          0.77152569,
          -0.6006223,
          0.11425
        ],
        [
          0.26942871,
          -0.63611703,
          -0.72302371,
          0.039266
        ],
        [
          -0.93989744,
          -0.0101605,
          -0.34130567,
          2.686325
        ],
        [
          0.0,
          0.0,
          0.0,
          1.0
        ]
      ]
    },
    {
      "file_path": "./train/img001356",
      "rotation": 0.041887902047863905,
      "time": 0.3221476510067114,
      "transform_matrix": [
        [
          -0.70323931,
          -0.40376591,
          -0.58517311,
          -0.160402
        ],
        [
          -0.60643514,
          -0.08891981,
          0.79014536,
          -0.113065
        ],
        [
          -0.37106724,
          0.91053081,
          -0.18232592,
          3.309115
        ],
        [
          0.0,
          0.0,
          0.0,
          1.0
        ]
      ]
    },
    {
      "file_path": "./train/img001375",
      "rotation": 0.041887902047863905,
      "time": 0.32885906040268453,
      "transform_matrix": [
        [
          -0.35626714,
          0.41483446,
          -0.83724912,
          -0.104568
        ],
        [
          0.21146027,
          0.90859179,
          0.36020203,
          0.088565
        ],
        [
          0.9101419,
          -0.04871678,
          -0.41142241,
          2.827133
        ],
        [
          0.0,
          0.0,
          0.0,
          1.0
        ]
      ]
    },
    {
      "file_path": "./train/img001377",
      "rotation": 0.041887902047863905,
      "time": 0.33557046979865773,
      "transform_matrix": [
        [
          0.9646906,
          0.21999692,
          0.14482195,
          0.174576
        ],
        [
          0.24708674,
          -0.94633083,
          -0.2083413,
          -0.169736
        ],
        [
          0.09121503,
          0.23676848,
          -0.96727478,
          6.161444
        ],
        [
          0.0,
          0.0,
          0.0,
          1.0
        ]
      ]
    },
    {
      "file_path": "./train/img001393",
      "rotation": 0.041887902047863905,
      "time": 0.3422818791946309,
      "transform_matrix": [
        [
          -0.54661602,
          -0.31209345,
          0.77705122,
          -0.043646
        ],
        [
          -0.57557809,
          -0.53396245,
          -0.61934963,
          0.137543
        ],
        [
          0.60821114,
          -0.78580009,
          0.11223828,
          2.361909
        ],
        [
          0.0,
          0.0,
          0.0,
          1.0
        ]
      ]
    },
    {
      "file_path": "./train/img001411",
      "rotation": 0.041887902047863905,
      "time": 0.348993288590604,
      "transform_matrix": [
        [
          0.76662616,
          0.20134257,
          -0.60970936,
          0.103078
        ],
        [
          0.46838476,
          0.47416169,
          0.74551084,
          -0.185255
        ],
        [
          0.43920389,
          -0.85710668,
          0.26919897,
          3.887338
        ],
        [
          0.0,
          0.0,
          0.0,
          1.0
        ]
      ]
    },
    {
      "file_path": "./train/img001421",
      "rotation": 0.041887902047863905,
      "time": 0.35570469798657717,
      "transform_matrix": [
        [
          0.75685619,
          0.06846962,
          0.64998509,
          -0.071472
        ],
        [
          -0.33778565,
          0.89236007,
          0.29932318,
          -0.064819
        ],
        [
          -0.55952619,
          -0.44610024,
          0.6985163,
          2.893235
        ],
        [
          0.0,
          0.0,
          0.0,
          1.0
        ]
      ]
    },
    {
      "file_path": "./train/img001445",
      "rotation": 0.041887902047863905,
      "time": 0.3624161073825503,
      "transform_matrix": [
        [
          0.99669973,
          -0.0342015,
          0.07361995,
          0.218274
        ],
        [
          0.00948299,
          -0.85164551,
          -0.52403244,
          -0.115353
        ],
        [
          0.0806208,
          0.52300113,
          -0.84851052,
          4.922584
        ],
        [
          0.0,
          0.0,
          0.0,
          1.0
        ]
      ]
    },
    {
      "file_path": "./train/img001506",
      "rotation": 0.041887902047863905,
      "time": 0.36912751677852346,
      "transform_matrix": [
        [
          9.08556357e-01,
          1.85890119e-01,
          -3.74125928e-01,
          -7.18090000e-02
        ],
        [
          1.70239952e-03,
          -8.97187359e-01,
          -4.41646855e-01,
          -6.76540000e-02
        ],
        [
          -4.17758840e-01,
          4.00624145e-01,
          -8.15461738e-01,
          2.43533000e+00
        ],
        [
          0.0,
          0.0,
          0.0,
          1.0
        ]
      ]
    },
    {
      "file_path": "./train/img001563",
      "rotation": 0.041887902047863905,
      "time": 0.37583892617449666,
      "transform_matrix": [
        [
          0.50695952,
          -0.82572324,
          -0.2473321,
          0.028374
        ],
        [
          0.52338703,
          0.0668941,
          0.84946524,
          0.070665
        ],
        [
          -0.68487814,
          -0.56009491,
          0.46608544,
          2.468464
        ],
        [
          0.0,
          0.0,
          0.0,
          1.0
        ]
      ]
    },
    {
      "file_path": "./train/img001580",
      "rotation": 0.041887902047863905,
      "time": 0.3825503355704698,
      "transform_matrix": [
        [
          0.95410983,
          -0.26527109,
          -0.13894488,
          0.003914
        ],
        [
          -0.29941819,
          -0.85253968,
          -0.428398,
          0.166122
        ],
        [
          -0.00481442,
          0.45034137,
          -0.89284348,
          2.731273
        ],
        [
          0.0,
          0.0,
          0.0,
          1.0
        ]
      ]
    },
    {
      "file_path": "./train/img001703",
      "rotation": 0.041887902047863905,
      "time": 0.38926174496644295,
      "transform_matrix": [
        [
          0.29014203,
          -0.93042793,
          0.22387826,
          0.034046
        ],
        [
          -0.10830489,
          0.20051346,
          0.97368599,
          0.203621
        ],
        [
          -0.95083524,
          -0.30675434,
          -0.04259251,
          3.393446
        ],
        [
          0.0,
          0.0,
          0.0,
          1.0
        ]
      ]
    },
    {
      "file_path": "./train/img001774",
      "rotation": 0.041887902047863905,
      "time": 0.3959731543624161,
      "transform_matrix": [
        [
          0.8383543,
          -0.5258706,
          -0.14360422,
          0.113122
        ],
        [
          -0.16606029,
          -0.49727758,
          0.85155093,
          0.177317
        ],
        [
          -0.51921676,
          -0.69005443,
          -0.50422103,
          3.438616
        ],
        [
          0.0,
          0.0,
          0.0,
          1.0
        ]
      ]
    },
    {
      "file_path": "./train/img001893",
      "rotation": 0.041887902047863905,
      "time": 0.40268456375838924,
      "transform_matrix": [
        [
          0.93793021,
          -0.34188526,
          0.05832136,
          0.165578
        ],
        [
          -0.07101065,
          -0.3538983,
          -0.9325843,
          -0.149911
        ],
        [
          0.33947666,
          0.87055756,
          -0.35620941,
          3.090392
        ],
        [
          0.0,
          0.0,
          0.0,
          1.0
        ]
      ]
    },
    {
      "file_path": "./train/img001958",
      "rotation": 0.041887902047863905,
      "time": 0.4093959731543624,
      "transform_matrix": [
        [
          -0.72552096,
          0.13556771,
          -0.6747153,
          -0.014183
        ],
        [
          0.08334502,
          0.99049795,
          0.10939574,
          0.041609
        ],
        [
          0.68313464,
          0.02313474,
          -0.72992591,
          3.098173
        ],
        [
          0.0,
          0.0,
          0.0,
          1.0
        ]
      ]
    },
    {
      "file_path": "./train/img002319",
      "rotation": 0.041887902047863905,
      "time": 0.4161073825503356,
      "transform_matrix": [
        [
          -0.79472962,
          0.21244079,
          0.56857167,
          -0.090887
        ],
        [
          -0.22852874,
          -0.97254454,
          0.04395149,
          0.009993
        ],
        [
          0.56229836,
          -0.09500541,
          0.82145878,
          2.54805
        ],
        [
          0.0,
          0.0,
          0.0,
          1.0
        ]
      ]
    },
    {
      "file_path": "./train/img002322",
      "rotation": 0.041887902047863905,
      "time": 0.4228187919463087,
      "transform_matrix": [
        [
          -0.48584655,
          0.83129214,
          -0.27001204,
          0.086775
        ],
        [
          -0.38901051,
          -0.48229786,
          -0.78489464,
          -0.037702
        ],
        [
          -0.78270298,
          -0.27630084,
          0.55770413,
          3.344971
        ],
        [
          0.0,
          0.0,
          0.0,
          1.0
        ]
      ]
    },
    {
      "file_path": "./train/img002334",
      "rotation": 0.041887902047863905,
      "time": 0.42953020134228187,
      "transform_matrix": [
        [
          -0.58369806,
          0.57912578,
          0.56913083,
          0.11004
        ],
        [
          0.4706505,
          0.81247695,
          -0.34404842,
          0.147736
        ],
        [
          -0.66165299,
          0.06704131,
          -0.74680706,
          2.759462
        ],
        [
          0.0,
          0.0,
          0.0,
          1.0
        ]
      ]
    },
    {
      "file_path": "./train/img003035",
      "rotation": 0.041887902047863905,
      "time": 0.436241610738255,
      "transform_matrix": [
        [
          -0.36948237,
          -0.66827175,
          0.64567457,
          -0.045473
        ],
        [
          0.27651648,
          0.58429566,
          0.76297917,
          -0.020766
        ],
        [
          -0.88714227,
          0.46044701,
          -0.0310988,
          2.742672
        ],
        [
          0.0,
          0.0,
          0.0,
          1.0
        ]
      ]
    },
    {
      "file_path": "./train/img003082",
      "rotation": 0.041887902047863905,
      "time": 0.44295302013422816,
      "transform_matrix": [
        [
          -0.17110218,
          0.7432729,
          0.64673754,
          -0.166984
        ],
        [
          -0.05449675,
          -0.66255231,
          0.74703049,
          0.185855
        ],
        [
          0.98374496,
          0.09257345,
          0.1538701,
          2.960421
        ],
        [
          0.0,
          0.0,
          0.0,
          1.0
        ]
      ]
    },
    {
      "file_path": "./train/img003115",
      "rotation": 0.041887902047863905,
      "time": 0.44966442953020136,
      "transform_matrix": [
        [
          6.42117349e-01,
          -4.75714336e-01,
          -6.01149882e-01,
          7.15000000e-04
        ],
        [
          -2.34032686e-01,
          -8.68379446e-01,
          4.37202287e-01,
          1.08603000e-01
        ],
        [
          -7.30009597e-01,
          -1.40046452e-01,
          -6.68934212e-01,
          2.88292800e+00
        ],
        [
          0.0,
          0.0,
          0.0,
          1.0
        ]
      ]
    },
    {
      "file_path": "./train/img003121",
      "rotation": 0.041887902047863905,
      "time": 0.4563758389261745,
      "transform_matrix": [
        [
          0.70253451,
          0.65324631,
          -0.28233759,
          0.006082
        ],
        [
          -0.34174272,
          -0.03831988,
          -0.93901198,
          0.264233
        ],
        [
          -0.62422526,
          0.75617514,
          0.19632113,
          3.018443
        ],
        [
          0.0,
          0.0,
          0.0,
          1.0
        ]
      ]
    },
    {
      "file_path": "./train/img003128",
      "rotation": 0.041887902047863905,
      "time": 0.46308724832214765,
      "transform_matrix": [
        [
          0.88832504,
          -0.45883312,
          0.01872951,
          -0.04128
        ],
        [
          0.03360124,
          0.10562214,
          0.99383848,
          0.05066
        ],
        [
          -0.45798426,
          -0.88222227,
          0.10924416,
          2.809634
        ],
        [
          0.0,
          0.0,
          0.0,
          1.0
        ]
      ]
    },
    {
      "file_path": "./train/img003182",
